zip,perc_change
20746,3900
20748,3300
20607,1466.6666666666665
20721,1225
20735,1216.6666666666665
20740,1100
20716,1066.6666666666665
20783,1050
20743,944.4444444444445
20744,836.3636363636364
20772,681.25
20784,680
20613,600
20708,566.6666666666667
20715,550
20747,541.6666666666667
20707,540
20782,533.3333333333333
20745,525
20737,500
20706,390
20705,375
20785,372.7272727272727
20722,300
20720,175
20769,33.33333333333333
20712,-50
20608,NA
20623,NA
20703,NA
20704,NA
20710,NA
20717,NA
20718,NA
20719,NA
20725,NA
20741,NA
20742,NA
20750,NA
20757,NA
20762,NA
20770,NA
20771,NA
20781,NA
20787,NA
20788,NA
